// Canvas Font Maker data for Titillium Web40

// font
var Titillium Web40 = new Image();
Titillium Web40.src = 'images/Titillium Web40.png';


var Titillium Web40_h = 80; // height of bitmap font

var Titillium Web40_sx = []; // starts of each character
Titillium Web40_sx = [
0,1,9,24,53,79,107,142,
149,160,170,190,217,224,245,252,
271,299,319,346,373,401,428,455,
481,509,536,543,551,577,604,631,
653,703,733,763,790,822,849,876,
906,937,944,955,984,1009,1049,1080,
1112,1142,1174,1204,1230,1258,1288,1317,
1361,1389,1417,1444,1459,1479,1491,1517,
1546,1558,1584,1609,1630,1654,1678,1695,
1721,1746,1753,1760,1783,1790,1831,1856,
1881,1906,1930,1947,1969,1987,2011,2035,
2074,2096,2120,2142,2159,2166,2183,2210];

var Titillium Web40_sw = []; // widths of each character
Titillium Web40_sw = [
1,8,15,29,26,28,35,7,
11,10,20,27,7,21,7,19,
28,20,27,27,28,27,27,26,
28,27,7,8,26,27,27,22,
50,30,30,27,32,27,27,30,
31,7,11,29,25,40,31,32,
30,32,30,26,28,30,29,44,
28,28,27,15,20,12,26,29,
12,26,25,21,24,24,17,26,
25,7,7,23,7,41,25,25,
25,24,17,22,18,24,24,39,
22,24,22,17,7,17,27,1];

var Titillium Web40_kerns = [];
Titillium Web40_kerns = [
11,11,18,29,29,29,36,9,
12,12,22,29,10,24,10,19,
29,29,29,29,29,29,29,29,
29,29,10,12,29,29,29,24,
51,31,32,28,34,29,27,32,
35,11,14,29,25,43,35,35,
31,35,32,28,27,33,30,45,
29,27,28,16,20,16,29,33,
11,26,27,22,27,26,16,26,
27,10,10,24,10,44,27,27,
27,27,17,24,18,27,24,40,
23,25,24,18,10,18,29,12];

function drawFont(ctx, x, y, str)
{
	var dx=x, sx, w, ch, count;

	count = str.length;
	if (count < 1) return;

	for (var i=0; i<count; i++)
	{
		ch = str.charCodeAt(i) - 32;
		sx = Titillium Web40_sx[ch];
		w = Titillium Web40_sw[ch];
		ctx.drawImage(Titillium Web40, sx,0, w,Titillium Web40_h, dx,y, w,Titillium Web40_h);
		dx += Titillium Web40_kerns[ch];
	}
}
